PREPRIO 4
0000:    0  400   50   50 2 |  3009  3009   438  2171
0001:    0  300   40   40 4 |  1870  1870   297  1273
0002:    1  200   30   50 2 |  2444  2443   362  1881
0003:    1  301   20   10 4 |  1585  1584   127  1156
0004:    9  302   20   20 4 |  1834  1825   347  1176
0005:   10  303   15   30 1 |  3246  3236   638  2295
0006:   10  304    5   40 3 |  2599  2589  1866   419
0007:   11  305   20   40 3 |  2312  2301   615  1381
0008:   20  306   20   10 3 |  2013  1993   157  1530
0009:   50  307   20   10 1 |  2973  2923   146  2470
SUM: 3246 93.28 84.10 2377.30 1575.20 0.308
