PREPRIO 2
0000:    0  400   50   50 2 |  2964  2964   329  2235
0001:    0  300   40   40 4 |  1952  1952   263  1389
0002:    1  200   30   50 2 |  2388  2387   379  1808
0003:    1  301   20   10 4 |  1823  1822   127  1394
0004:    9  302   20   20 4 |  1684  1675   234  1139
0005:   10  303   15   30 1 |  3219  3209   586  2320
0006:   10  304    5   40 3 |  2925  2915  1993   618
0007:   11  305   20   40 3 |  2247  2236   396  1535
0008:   20  306   20   10 3 |  2203  2183   219  1658
0009:   50  307   20   10 1 |  3024  2974   165  2502
SUM: 3219 94.07 83.88 2431.70 1659.80 0.311
