PREPRIO 2
0000:    0  400   50   50 2 |  3031  3031   387  2244
0001:    0  300   40   40 4 |  2043  2043   205  1538
0002:    1  200   30   50 2 |  2402  2401   291  1910
0003:    1  301   20   10 4 |  1734  1733   133  1299
0004:    9  302   20   20 4 |  1789  1780   335  1143
0005:   10  303   15   30 1 |  3352  3342   764  2275
0006:   10  304    5   40 3 |  2899  2889  1911   674
0007:   11  305   20   40 3 |  2457  2446   654  1487
0008:   20  306   20   10 3 |  2131  2111   180  1625
0009:   50  307   20   10 1 |  2942  2892   149  2436
SUM: 3352 90.33 81.83 2466.80 1663.10 0.298
